content,cleaned_content,score,accuracy,completeness,satisfaction
"uang saya belum dikembalikan 4jt, itu uang buat bayar kuliah padahal. bulan puasa loh","uang saya belum dikembalikan 4jt, itu uang buat bayar kuliah padahal. bulan puasa loh",1,1,0,1
"apk bagus tapi gak jelas masa bisa bisanya akun dana ada dua nomor berbeda menggunakan satu KTP padahal seharusnya 1 KTP hanya bisa 1 akun dana, jika seperti ini bagai mana tindak lanjut dari pihak dana tolong dijawab","apk bagus tapi gak jelas masa bisa bisanya akun dana ada dua nomor berbeda menggunakan satu ktp padahal seharusnya 1 ktp hanya bisa 1 akun dana, jika seperti ini bagai mana tindak lanjut dari pihak dana tolong dijawab",1,1,0,1
ga ada dana cicilnya,ga ada dana cicilnya,2,0,1,0
minta tolong ganti real name aja susah banget udah berkali kali juga tetep ga bisa bisa,minta tolong ganti real name aja susah banget udah berkali kali juga tetep ga bisa bisa,1,1,0,1
hati2 dgn aplikasi dana sekarang banyak iklan yg gk jelasnya...salah klik aja bisa masuk perangkap scam,hati2 dgn aplikasi dana sekarang banyak iklan yg gk jelasnya...salah klik aja bisa masuk perangkap scam,1,0,0,1
"setiap Sabtu-Minggu pasti eror terus aneh bet dah, perbaikilah minn","setiap sabtu minggu pasti eror terus aneh bet dah, perbaikilah minn",1,1,0,1
aplikasi ini jelek kalau mau TF dari sini repot banget nanti pas udah betul tiba tiba ke riset dari awal dana premium klau mau TF harus foto KTP ttp nama foto muka padahal udah ad semua ny di KTP ny dana adalah aplikasi paling ribet jelek dana lol,aplikasi ini jelek kalau mau tf dari sini repot banget nanti pas udah betul tiba tiba ke riset dari awal dana premium klau mau tf harus foto ktp ttp nama foto muka padahal udah ad semua ny di ktp ny dana adalah aplikasi paling ribet jelek dana lol,1,1,0,1
"kenapa apk dana saya susah d buka, pdahal sinyal bagus apk dana sudah persi terbaru, knpa harus hpus dulu apk nya trs download lagi baru ke buka, tapi sayang nya besok nya susah d buka lagi","kenapa apk dana saya susah d buka, pdahal sinyal bagus apk dana sudah persi terbaru, knpa harus hpus dulu apk nya trs download lagi baru ke buka, tapi sayang nya besok nya susah d buka lagi",1,1,0,1
koq gk bisa di buka,koq gk bisa di buka,1,1,0,1
ngak tau setiap saya simpan saldo saya di dana tiba tiba hilang... saya jg bingung mau complain terkait masalah ini... semalam saya isi saldo dana saya skarang sisa nol rupiah... mudah di retas... mohon tolong admin dan penanggung jawab dana bantu solusi... tolong cantumkan nomor kontak darurat atau kontak pelayanan nya...,ngak tau setiap saya simpan saldo saya di dana tiba tiba hilang... saya jg bingung mau complain terkait masalah ini... semalam saya isi saldo dana saya skarang sisa nol rupiah... mudah di retas... mohon tolong admin dan penanggung jawab dana bantu solusi... tolong cantumkan nomor kontak darurat atau kontak pelayanan nya...,1,1,1,1
masukin nomor pin sudah verifikasi wajah sudah tapi akun msh tidak bisa dibuka payaah.,masukin nomor pin sudah verifikasi wajah sudah tapi akun msh tidak bisa dibuka payaah.,3,1,0,1
"pas lagi darurat selalu trobel saldo saya sudah berkurang tapi nggak masuk ke rekening tujuan dan mutasi nggak ada,tolong tanggung jawabnya","pas lagi darurat selalu trobel saldo saya sudah berkurang tapi nggak masuk ke rekening tujuan dan mutasi nggak ada,tolong tanggung jawabnya",1,1,0,1
"pke scan wajah tambah kode otp bgus sih pngamnan nya, tapi sayang sering eror tambah gw hp nga burik kamera nya jelek burem ga bisa scan waja +kartu nya dah ilang jadi ga bisa logintapi gw tau pin nya sayang baget gtu mna ada duit nya lmyan gede tapi ga bisa login mau ke pusat bantuan kga bisa karna hp gw burik ngeluh ke siapa klo udah kya gini coba pdahal tau pin nya aja juga tinggal langsung masuk","pke scan wajah tambah kode otp bgus sih pngamnan nya, tapi sayang sering eror tambah gw hp nga burik kamera nya jelek burem ga bisa scan waja kartu nya dah ilang jadi ga bisa logintapi gw tau pin nya sayang baget gtu mna ada duit nya lmyan gede tapi ga bisa login mau ke pusat bantuan kga bisa karna hp gw burik ngeluh ke siapa klo udah kya gini coba pdahal tau pin nya aja juga tinggal langsung masuk",1,1,1,1
SAYA PENGGUNA DANA DARI 2015 SEMAKIN KEDEPAM TRANSAKSINYA SEMAKIN SULIT.DAN CS TIDAK SIGAP JIKA ADA KENDALA.INI MERUGIKAN BAGI KAUM PENGGUNA DANA BISNIS.,saya pengguna dana dari 2015 semakin kedepam transaksinya semakin sulit.dan cs tidak sigap jika ada kendala.ini merugikan bagi kaum pengguna dana bisnis.,1,1,1,1
di update tapi makin lelet. tolong dong pelayanan di perbaiki.saya ini pakai bisnis dana untuk semua transaksi. terima kasih,di update tapi makin lelet. tolong dong pelayanan di perbaiki.saya ini pakai bisnis dana untuk semua transaksi. terima kasih,3,1,0,1
kenapa di apk saya kok gak muncul fitur dana cicil nya?,kenapa di apk saya kok gak muncul fitur dana cicil nya?,1,0,1,0
yang udah dapat fitu dana cicil enak lah saya tidak dapat fitu dana cicil,yang udah dapat fitu dana cicil enak lah saya tidak dapat fitu dana cicil,2,0,1,1
"bagus untuk aplikasinya, tapi sayang terlalu rame untuk tampilannya, sehingga malah membuat bingung saat akan menggunakan, coba belajar ke BCA atau Ovo deh, yang apknya bersih dan tertata karena kemudahan pengoprasian lebih penting dari pada banyak fitur tapi semrawut tampilanya. mohon segera diperbaiki🙏","bagus untuk aplikasinya, tapi sayang terlalu rame untuk tampilannya, sehingga malah membuat bingung saat akan menggunakan, coba belajar ke bca atau ovo deh, yang apknya bersih dan tertata karena kemudahan pengoprasian lebih penting dari pada banyak fitur tapi semrawut tampilanya. mohon segera diperbaiki",3,0,0,1
"saya butuh dana cicil ,perlu banget dana cicil, bisakah di aktip kan dulu,tolong","saya butuh dana cicil ,perlu banget dana cicil, bisakah di aktip kan dulu,tolong",2,0,1,0
"tidak merasa berhutang kok tiba tiba banyak cicilan,,lierr!!!!!!!!!!","tidak merasa berhutang kok tiba tiba banyak cicilan,,lierr!!!!!!!!!!",1,1,0,1
kenapa hari ini dana tidak bisa transaksi ?,kenapa hari ini dana tidak bisa transaksi ?,1,1,0,1
"pembayaran cicilan saldo sudah terpotong tetapi angsuran belum masuk, saldo tidak kembali","pembayaran cicilan saldo sudah terpotong tetapi angsuran belum masuk, saldo tidak kembali",1,1,0,1
jgn Download apk ini Mereka Berkerja sama Dgn Google Play mencuri uang saya Padahal saya Tdk pernah top up ke apa pun itu tiba² ke potong saldo,jgn download apk ini mereka berkerja sama dgn google play mencuri uang saya padahal saya tdk pernah top up ke apa pun itu tiba ke potong saldo,1,1,0,1
apk tidak dapat digunakan saldonya masih ada di akunnya,apk tidak dapat digunakan saldonya masih ada di akunnya,1,1,0,1
"banyak bener cok bag nya, ga bener ni apk, mulai dari eventnya kaga bisa ke claim sampe transaksi berlangsung tanpa sepengetahuan kita+akun bisa tiba""keblokir walau ada uang di dalamnya tanpa notif dan tanpa pengetahuan, intinya apk dana ini apk tolol dan apk gada otak bodohnya","banyak bener cok bag nya, ga bener ni apk, mulai dari eventnya kaga bisa ke claim sampe transaksi berlangsung tanpa sepengetahuan kita akun bisa tiba keblokir walau ada uang di dalamnya tanpa notif dan tanpa pengetahuan, intinya apk dana ini apk tolol dan apk gada otak bodohnya",1,1,0,1
aku gak bisa masuk ke apk dana nya tolong di perbaiki,aku gak bisa masuk ke apk dana nya tolong di perbaiki,1,1,0,1
"tolong bantu, uang saya ada transfer dari seabank ke dana Rp900.000 tidak muncul sama sekali.","tolong bantu, uang saya ada transfer dari seabank ke dana rp900.000 tidak muncul sama sekali.",3,1,0,1
saldo belum masuk gak bisa admin bantu padahal sudah saya kirim buktinya,saldo belum masuk gak bisa admin bantu padahal sudah saya kirim buktinya,3,1,1,1
Gak bisa di buka. masa mau buka aplikasi harus instal ulang terus!,gak bisa di buka. masa mau buka aplikasi harus instal ulang terus!,2,1,0,1
"saya sering klim cek ,,, saldu ,, sudah 5 hari ,,, trus nuju klim ke 6 malah ke no urut 1 lagi ,,,aduuuh payah nih aplikasi dana ,,, mambantu masyarakat apa tidak ,,,","saya sering klim cek ,,, saldu ,, sudah 5 hari ,,, trus nuju klim ke 6 malah ke no urut 1 lagi ,,,aduuuh payah nih aplikasi dana ,,, mambantu masyarakat apa tidak ,,,",1,1,0,1
saya sering terkendala pembayarana PLN non-taglis pembayaran Doble susah padahal bukti transaksi ada tapi saat pengaduan tidak ada respon live chat/solusi untuk refund uang kembali,saya sering terkendala pembayarana pln non taglis pembayaran doble susah padahal bukti transaksi ada tapi saat pengaduan tidak ada respon live chat solusi untuk refund uang kembali,1,1,1,1
"tukar point' ngabuburich nya ribet, dan mungkin juga ga bisa tukar poin , padahal point'saya 13000 ribu tapi selalu ga bisa , jam tukar poin juga 10 an , selalu ga ada tolong jangan persulit dalam hal ini.. dan juga customer service nya ga detail","tukar point ngabuburich nya ribet, dan mungkin juga ga bisa tukar poin , padahal point saya 13000 ribu tapi selalu ga bisa , jam tukar poin juga 10 an , selalu ga ada tolong jangan persulit dalam hal ini.. dan juga customer service nya ga detail",1,1,1,1
"akun dana saya tiba² di tangguhkan, padahal saya tidak merasa melanggar apapun, saldo ny pun masih ada","akun dana saya tiba di tangguhkan, padahal saya tidak merasa melanggar apapun, saldo ny pun masih ada",1,1,0,1
chat bot nya tidak membatu laporan saya sudah di anggap selesai tapi masalah nya belum selesai dan sudah berusaha semaksimal mungkin tapi tetap saja tidak terbantu oleh saran chat bot,chat bot nya tidak membatu laporan saya sudah di anggap selesai tapi masalah nya belum selesai dan sudah berusaha semaksimal mungkin tapi tetap saja tidak terbantu oleh saran chat bot,1,1,1,1
"mau transaksi gagal Mulu, tapi saldo ke potong sedangkan pembayaran belum terkonfirmasi","mau transaksi gagal mulu, tapi saldo ke potong sedangkan pembayaran belum terkonfirmasi",1,1,0,1
pendingnya lama banget padahal uang buat keperluan penting gak jelas dana,pendingnya lama banget padahal uang buat keperluan penting gak jelas dana,1,1,0,1
pending uang ga balik,pending uang ga balik,1,1,0,1
Tidak berfungsi dengan baik,tidak berfungsi dengan baik,2,1,0,1
No dana hilang. Saldo pun hilang. jngn harap bs utuh kembali saldony. pindahin akun bertele2 ujung2ny saldo terkuras tak tersisa. ad yg prnh ngalamin,no dana hilang. saldo pun hilang. jngn harap bs utuh kembali saldony. pindahin akun bertele2 ujung2ny saldo terkuras tak tersisa. ad yg prnh ngalamin,1,1,0,1
kenapa fitur-fitur dana cicil belum bisa di gunakan,kenapa fitur fitur dana cicil belum bisa di gunakan,2,1,0,1
aplikasi nya membantu tapi kok punya saya gak muncul dana instan,aplikasi nya membantu tapi kok punya saya gak muncul dana instan,3,0,1,0
"dana lama banget gangguannya saya mau kirim duit ke teman malah ga bisa di akses , tolonglah secepatnya di perbaiki","dana lama banget gangguannya saya mau kirim duit ke teman malah ga bisa di akses , tolonglah secepatnya di perbaiki",1,1,0,1
saya udah lama pake apk ini kenapa ko pesan transaksi ya ga bisa di buks mohon penjelasan ya,saya udah lama pake apk ini kenapa ko pesan transaksi ya ga bisa di buks mohon penjelasan ya,2,1,0,1
"kenapa setiap ada dana point pasti gak bisa kepake apa apa . tukar hadiah pas dicoba hadiah habis , pas ada dana point yang lainnya tetep aja gak kepake sama sekali malahan sampai hangus . percuma bikin dana point tukar hadiah , tetep aja orang kaya yang dapet terus huhhh","kenapa setiap ada dana point pasti gak bisa kepake apa apa . tukar hadiah pas dicoba hadiah habis , pas ada dana point yang lainnya tetep aja gak kepake sama sekali malahan sampai hangus . percuma bikin dana point tukar hadiah , tetep aja orang kaya yang dapet terus huhhh",3,1,0,1
apa sekarang apk dana gangguan soalnya dpt transfer an kok belum masuk,apa sekarang apk dana gangguan soalnya dpt transfer an kok belum masuk,3,1,0,1
sya tidak muncul dana cicil,sya tidak muncul dana cicil,1,0,1,0
gimana ini dana saya beli pulsa gagak tapi gaada balik lagi uangnya,gimana ini dana saya beli pulsa gagak tapi gaada balik lagi uangnya,1,1,0,1
saldo hilang tanpa jelas,saldo hilang tanpa jelas,1,1,0,1
"FITUR SAMPAH,. TIDAK MENJAMIN AUTO PINDAH GOPAY","fitur sampah,. tidak menjamin auto pindah gopay",1,1,0,1
"kasih 1 bintang aja ya , sebab dana saya nggk dapat dana cicil sama paylater padahal saya selalu isi dan transfer uang ke dana mau pun ke bank lain","kasih 1 bintang aja ya , sebab dana saya nggk dapat dana cicil sama paylater padahal saya selalu isi dan transfer uang ke dana mau pun ke bank lain",1,0,1,1
